   9.3219866e-01
   5.4710131e-01
   7.4045388e-02
   9.3675222e-01
   2.8098048e-01
   2.8516947e-01
  -5.1364280e-02
   6.9812341e-01
   1.7537449e-02
   5.8422438e-01
  -4.8267943e-01
   1.2784896e-01
   2.2384665e-01
   9.0136976e-02
   1.0545709e+00
   1.9252707e-01
   3.7268235e-01
   3.6508518e-01
  -3.3599703e-01
  -4.3802265e-01
   7.8750301e-01
   6.6933425e-02
  -5.5826135e-01
   1.7767166e-02
   6.0636472e-01
   7.3895871e-01
   5.5032887e-01
   6.4871668e-01
   7.8507425e-01
  -3.1224781e-01
   8.2172145e-01
   8.4093055e-01
   5.0732727e-01
  -1.5077042e-01
  -1.4229347e-01
   9.0610661e-01
   9.1927406e-01
   1.2101605e+00
   5.1240180e-03
  -9.1614638e-02
   2.6687065e-01
   3.1702827e-01
   1.0591664e+00
   2.6719262e-01
  -2.8039976e-01
   3.5844848e-01
  -1.6147071e-01
   4.0188099e-01
   7.0951955e-01
   8.7115912e-01
   4.2848405e-01
  -5.8097173e-01
   1.7788691e-01
   1.2197948e+00
   7.6541648e-02
   5.2866983e-01
   8.2170391e-01
   1.6478448e-01
   4.9842909e-01
   6.7646569e-01
   1.0897511e+00
   1.5704896e-01
   1.3383947e+00
   3.7234561e-01
   1.7622575e-01
   4.0889289e-01
   9.2590015e-01
   3.4672498e-01
   2.7973556e-01
   1.9426406e-01
   2.5739654e-01
   1.0985096e+00
   1.1973938e+00
   5.8268378e-01
   2.4501652e-01
   1.1888583e+00
   1.1492588e+00
   4.3494148e-01
   8.7012429e-01
   1.1660087e+00
   3.6096466e-01
   3.3600355e-01
   4.9373638e-01
   9.5158935e-01
  -5.6231664e-02
   8.0394602e-02
   5.1776720e-01
  -1.2326447e-01
   9.4225252e-01
   1.7691669e+00
   1.1583975e+00
   1.2211065e+00
   1.2334597e+00
  -5.3525904e-02
   2.6953193e-01
   4.8985204e-01
   4.7700091e-01
   2.2775671e-01
   9.5851728e-01
   4.9029085e-01
   8.8731509e-01
   2.0297336e-01
   1.4101382e+00
   7.6235931e-01
   8.4296889e-01
   4.9347889e-02
   1.5680115e+00
   6.6006297e-01
  -2.9205930e-01
   2.4874288e-01
   8.6896317e-01
   2.3730402e-01
  -2.6605744e-01
   4.2310682e-01
   1.7663397e-01
  -1.7072494e-01
   6.3576707e-01
   6.6977057e-01
   1.3372900e+00
   6.6781782e-01
   2.2472197e-01
   3.5674659e-01
   9.2604416e-02
   5.2675394e-01
   2.8607932e-01
   7.3192990e-01
   7.0829424e-01
   5.9581690e-01
  -1.4216403e-01
  -3.3543297e-03
   5.2089294e-01
   1.2136199e-01
   1.6394357e+00
  -4.0020710e-01
   5.8814928e-01
   3.6810279e-01
   8.3055889e-02
   6.1038344e-01
   5.8885202e-02
   9.2825483e-01
   3.7155216e-02
   4.2964822e-02
  -1.6381425e-01
   1.3058637e+00
   2.1908637e-01
   6.3802058e-01
   3.8617363e-01
   5.9209167e-01
   5.4141479e-01
   7.2601763e-01
   5.5070541e-01
   3.1711980e-01
   4.5448270e-01
   8.6972848e-01
   9.7016423e-01
   4.8551962e-01
   3.5644776e-02
   8.7251920e-01
   1.7440490e+00
   8.4596243e-01
   2.9144884e-02
   6.9249861e-01
   3.6055651e-01
   8.5281579e-03
   1.3103756e+00
  -1.0259126e+00
   4.7577324e-01
   6.5910115e-01
   1.8224296e-01
  -1.4367795e-02
   1.3206902e+00
   5.0974753e-01
  -5.2363428e-01
  -6.4652257e-02
  -6.7779298e-01
   2.1937562e-01
   4.5601375e-01
   1.0368886e+00
   3.4404546e-01
  -2.3938689e-01
   4.7801064e-01
   1.0006580e-01
   6.7421040e-02
   4.4049651e-01
   3.9258524e-01
   5.0365739e-01
  -1.9736139e-02
   9.1641789e-01
   1.2665238e-01
   6.7463776e-01
   7.4200660e-01
  -3.9295061e-03
   1.0017346e+00
  -8.3804446e-01
   5.0841120e-01
  -2.2162272e-01
   5.5325096e-01
   2.3826428e-01
   9.8429058e-01
   1.6211923e-01
  -4.3255800e-02
   8.9645867e-01
   1.3039833e+00
  -1.9309996e-01
   9.2932789e-01
   6.0378727e-01
   1.0244323e+00
   1.0796446e-01
   3.3692678e-01
   2.9231734e-01
   3.2960738e-01
   7.8250812e-01
   7.2091454e-01
   4.4539633e-01
   7.1527436e-01
   8.4652028e-01
   2.2620538e-01
   9.7236812e-01
   1.0372170e-01
   6.4008390e-01
  -3.2148723e-01
   6.5737285e-01
   1.0151430e+00
   1.3758507e+00
   3.7419585e-01
   1.4096068e+00
   1.1171996e+00
  -6.6980583e-01
   4.8068760e-01
   5.0364653e-01
   2.1748564e-01
   1.0541287e+00
   7.6023706e-01
   2.5116448e-01
   4.1105120e-01
   1.0455082e+00
   1.0798657e+00
   8.3750215e-01
   1.6458778e+00
  -1.9942266e-01
  -2.6640992e-01
   7.0150586e-01
   2.6674557e-01
   7.1413593e-01
  -1.9525733e-01
   1.9306707e-01
   2.2346943e-03
  -5.3023514e-02
   6.7257790e-01
   1.3192029e+00
   2.2454378e-01
   1.3323033e+00
   4.7598131e-01
   8.3100398e-01
   3.5150581e-01
   1.3303446e+00
   5.2856573e-01
  -6.1370881e-01
   1.1225996e+00
  -7.9313808e-02
   9.3369849e-01
   9.9342271e-02
   3.6819506e-01
   8.7552918e-01
   1.3976141e+00
   9.9217549e-01
   5.2333443e-01
   6.6172167e-01
   7.6122111e-01
   1.0573637e-01
   8.6703527e-01
   5.4020787e-01
   2.2800597e-01
   6.5812862e-01
  -2.0435490e-01
   5.9340688e-01
  -6.3121675e-01
   7.5018766e-01
   3.8758695e-01
  -2.2773713e-01
   4.9224832e-01
   2.8110209e-01
   9.5357480e-01
   1.1420667e+00
   1.3495450e-01
  -2.3633425e-01
  -2.9717703e-01
   7.4879317e-01
   8.7052477e-01
   3.2248046e-01
   9.4712827e-02
   6.1910603e-01
   1.2525366e+00
  -9.4780470e-02
   4.0258835e-01
   8.1239339e-01
  -1.3903346e-01
   5.5012968e-01
   3.2890916e-01
   4.9899265e-01
   2.5079701e-01
   1.0248775e+00
  -3.3527934e-01
  -5.0718513e-01
   9.9330796e-01
   4.6975872e-01
   1.0964704e+00
   1.8427901e+00
   9.2686680e-01
   1.0027743e+00
   4.9950914e-01
   2.1977082e-01
   4.0430199e-01
   4.7554360e-01
   8.0023021e-01
  -4.9732081e-01
   1.7433148e-02
   2.8400491e-02
   3.9966471e-01
   7.7808336e-01
   1.5091903e+00
   1.4068682e+00
   4.4377607e-01
   5.5011805e-02
   1.3657864e-01
   8.8175111e-01
   2.0074285e-01
   8.6186475e-01
   6.6031087e-02
   9.2083643e-01
   7.4530843e-02
   9.6671334e-01
   7.4297977e-01
   3.9189872e-01
   3.0925133e-01
  -2.1352037e-01
  -2.4383461e-01
  -7.5755131e-01
  -1.5310511e-01
   3.1152485e-01
  -5.3752056e-02
   6.5638897e-01
   7.7380096e-02
   6.1879875e-01
   4.0616559e-02
   1.7208456e+00
   5.4156034e-01
   6.3313134e-01
   1.1863643e-01
  -7.4640243e-01
   4.1806399e-01
   8.5093951e-01
   7.2468650e-02
   6.8691677e-01
   2.4792196e-01
  -3.7290289e-02
   1.8352401e-01
   1.4274295e+00
   7.3371153e-01
   1.1580341e+00
   1.3895188e+00
   3.0768107e-01
   9.4756438e-01
   7.3682102e-01
   4.8821432e-01
   1.3062246e+00
   9.1983624e-01
   6.2395299e-01
   2.2977303e-01
  -4.0421715e-01
   3.6689828e-01
   8.8451200e-01
   5.3836184e-01
   5.3929738e-01
   1.0315480e+00
   6.7459839e-01
   8.7771495e-01
   1.8799826e-01
   2.8931314e-01
   7.9801448e-01
  -1.9499365e-01
  -8.1733417e-01
   9.6532844e-02
   5.4596501e-01
   1.6855070e+00
   4.9563225e-01
   1.5610776e+00
   1.5788469e-01
   2.9348360e-01
   7.1158427e-02
   9.8544927e-01
  -3.2104303e-02
   1.2503751e+00
   2.6464646e-01
   1.2747630e+00
   5.4497728e-01
  -4.2977070e-01
  -2.0430178e-01
   5.5771680e-01
   2.5966965e-01
   1.1183695e+00
  -5.0771740e-01
   7.8176002e-01
   4.7823989e-01
   7.3022406e-01
   6.4132693e-01
   1.0300160e+00
   7.7352803e-01
   6.1005827e-01
  -4.5485042e-01
   1.0585945e+00
  -3.0396565e-01
  -2.2185008e-01
   3.4272455e-01
   8.8321629e-01
   5.8743232e-01
   1.1584247e+00
   9.7929283e-01
   8.2384530e-01
   5.4624271e-01
   2.9436309e-01
   6.7331473e-01
   3.2551014e-01
   3.9979893e-01
   6.9663038e-01
  -4.2632368e-01
   9.9845971e-01
   2.5947661e-01
   3.5227207e-01
   3.4547829e-01
   3.0849654e-01
   1.0119183e+00
   1.1802399e+00
   1.4708386e-01
   1.9531611e-01
   4.4399529e-01
   9.5292525e-01
   2.0354946e-01
   1.5720823e+00
   8.7428470e-01
  -3.2704591e-01
   1.1044593e-02
   3.2631619e-01
   4.4613310e-01
   2.9868708e-01
  -3.2808514e-02
   9.3926148e-01
   7.3027550e-01
  -3.9310970e-02
   8.2237035e-01
   8.0269929e-01
   5.2753654e-01
   4.9724727e-01
   4.5025773e-01
   3.8721108e-01
  -1.3002296e-02
   1.3382384e-01
  -2.0272639e-01
  -5.9738126e-02
   5.9307830e-01
   3.4271821e-01
   4.5561631e-01
   4.1954049e-01
  -4.6813883e-01
   1.8758776e+00
   1.1462021e+00
   3.8305247e-01
   4.0343016e-01
   4.4799057e-01
   9.2536972e-02
   4.4571212e-01
  -2.8457158e-01
   6.0605711e-01
   1.3393875e+00
   6.8950483e-01
   1.6579064e-01
   1.3639869e+00
   1.3466938e+00
   1.0647759e-01
  -4.3723527e-01
   5.1192632e-01
   1.2592272e+00
   7.6723841e-01
  -1.7773325e-01
   6.4046170e-01
   5.9104983e-01
   3.7171657e-01
   9.2920552e-01
   5.2853497e-01
  -2.3124890e-01
  -6.6308275e-01
   1.7813225e+00
   1.8033956e-01
   8.5300478e-01
   8.1368694e-01
  -2.3263573e-01
   7.7447700e-01
   1.4473099e+00
   9.5096925e-01
   1.5757877e-01
   2.9496725e-01
  -4.1717222e-01
   3.2141202e-01
   4.5922736e-01
   2.2141976e-01
  -3.8914962e-01
   5.1933709e-01
   1.3017009e+00
   7.1415393e-01
   3.3916064e-01
   5.7933327e-01
  -4.1561254e-01
   1.0415689e+00
   2.7884103e-01
   6.0650116e-01
   2.8546600e-01
   1.0563462e+00
   1.0270189e+00
   5.9609131e-01
   4.1217649e-01
   7.8071033e-01
   1.1255104e+00
   2.9031156e-01
  -2.3245319e-01
   2.3345794e-02
   1.1921293e+00
   1.6723286e-02
   4.9896435e-01
   7.5431341e-01
   6.7317096e-01
  -1.9847048e-01
   7.6006503e-01
   3.2508494e-01
   7.6514624e-01
   3.7181573e-01
  -3.0864315e-01
   1.2784297e+00
   9.1053400e-01
   6.0304727e-01
  -3.4867642e-01
   4.1583172e-01
   9.1409722e-01
   5.2382147e-01
   9.2037885e-02
   9.6364708e-01
   1.0360751e+00
   8.8751969e-01
  -9.2090538e-03
  -2.8782609e-01
   1.4718829e+00
   1.2396724e+00
   1.2905524e+00
   2.4265385e-01
   4.6445801e-02
   1.6294013e+00
   5.2038657e-01
   6.2143279e-01
   3.2669699e-01
   1.0236563e+00
   3.6644930e-01
   8.9111117e-02
   5.1781982e-01
   1.2415434e+00
   6.8063593e-01
   8.1187971e-01
   4.4875499e-02
  -7.7841595e-01
   1.3325283e+00
   2.0209400e-02
   2.4156512e-01
   4.9768435e-01
   2.8227672e-01
   9.4087719e-01
   7.4873335e-01
   7.3026598e-02
   7.7083522e-01
   7.7570684e-01
   4.3109200e-01
   1.7807483e-01
  -1.5022781e-01
  -1.2725925e-01
   1.4200970e+00
   1.7057396e-01
   3.6225146e-01
   1.2414121e+00
   4.9582584e-01
   5.4512106e-01
  -4.3599755e-01
  -5.9824241e-01
  -2.1292389e-02
   7.7256772e-01
  -8.2232431e-02
   8.9839338e-01
   3.7485241e-01
  -5.6106606e-02
   3.6341934e-01
  -6.7256484e-03
   9.3608248e-01
  -2.7790643e-02
   9.2400733e-01
   6.5064960e-01
   1.5885662e-01
   2.4604906e-01
  -1.4732776e-02
   3.5708214e-01
  -3.3810424e-01
   2.5125544e-01
   3.0655122e-01
   5.2172933e-01
   1.7241550e-01
   4.2665898e-01
   5.4286216e-01
   1.9186012e-02
   7.2981703e-01
   2.4183851e-01
   1.3235508e-01
   1.2353919e+00
   9.9863664e-01
   1.1534914e+00
   5.5062692e-01
   1.2887872e+00
   1.9831014e+00
   3.5315948e-01
   1.1719525e+00
   1.2510417e-01
   1.5060356e-01
  -1.5105875e-01
   4.1412025e-01
   8.5564029e-01
   4.1908160e-01
   6.0188955e-01
   6.5711263e-01
   6.0808844e-01
   6.2481570e-01
  -3.0547072e-01
   2.7442178e-01
  -3.0000062e-01
   4.2709366e-01
   1.0960191e+00
   6.4284438e-01
   9.7556726e-01
   1.7309846e-02
  -5.4712240e-02
   1.9159207e-01
  -8.0208963e-02
   6.3591380e-01
  -4.8249619e-01
   4.0014499e-01
   1.3961173e+00
   4.6029936e-01
   8.8236433e-01
   8.3019937e-01
  -3.4428743e-01
   2.8501285e-01
   5.3642066e-01
   1.2398934e+00
   4.1078626e-01
  -1.0329155e-01
   6.9599351e-01
   4.7672539e-01
   9.7626381e-01
   7.4632796e-01
   6.5394493e-01
  -3.3399368e-01
   9.8927070e-01
   7.1426266e-02
   2.7885778e-01
   7.5188733e-01
   4.0572354e-01
   2.3914147e-01
   6.0594613e-01
   1.5680401e-01
   5.7865823e-02
   4.7021528e-01
  -7.3791741e-01
   7.8293683e-01
   3.7285708e-02
   2.9496663e-02
   4.0479015e-01
   5.6404489e-01
   4.6605911e-01
   1.2356310e+00
   1.0338411e+00
   6.1493744e-01
   4.9700374e-01
  -8.4097521e-02
   4.9110284e-02
   6.6160397e-01
   4.9383670e-01
   7.7706892e-01
   5.3134737e-01
   1.7850169e-01
   3.3434808e-01
   3.6641247e-01
   3.7611971e-01
   8.8870005e-01
   6.7195345e-01
   9.3187991e-01
   9.2926686e-01
   8.4365346e-01
  -1.4965562e-01
   8.0191226e-01
  -3.1176350e-01
   1.8975442e-01
   8.2180053e-01
  -7.2833066e-02
   9.2209537e-01
   4.7854677e-01
   2.4783258e-01
   2.7836402e-01
   1.5415262e+00
   1.4294374e+00
   9.6329701e-01
   6.4770769e-01
   3.6683540e-01
   8.7119379e-01
   4.5953301e-01
   9.6780579e-01
   8.2398170e-02
   1.2740538e-01
   1.1808426e+00
   3.4692482e-01
   9.3921879e-01
  -5.0322769e-02
   2.5544204e-01
  -1.7511990e-01
   8.9388976e-01
   9.1170450e-01
   1.6034074e-01
   7.9858839e-01
  -8.5582890e-02
   1.5185021e+00
   2.7965088e-01
   3.6077980e-01
   6.3536401e-01
   7.0049695e-01
   5.3694686e-01
  -2.0495663e-02
  -2.2676751e-01
   6.1741912e-01
   1.0248383e+00
   6.7070064e-01
   3.6605009e-03
  -3.0870829e-01
   2.7782799e-01
  -2.7866963e-02
  -2.4948546e-01
   5.8924957e-01
   2.1356774e-02
   1.1572001e+00
   5.1525045e-01
   5.3603690e-01
   7.7751135e-01
   1.3509060e-01
   1.0481857e+00
   1.1678965e+00
   7.0571970e-01
   1.3164457e+00
   6.2170026e-01
   4.9844613e-01
   1.3058363e-01
  -3.8394935e-01
   1.3971121e+00
   1.1407722e+00
   5.6418543e-01
   3.9255237e-01
   3.1482064e-01
  -7.9295118e-02
  -2.3916431e-01
  -2.3781755e-01
   8.2562562e-01
   4.5382623e-01
   3.1637383e-01
   9.0857490e-01
   1.1178023e+00
   6.6813187e-01
   6.1569911e-01
   5.2314382e-01
   3.4320446e-01
  -3.6659915e-02
   4.6834273e-01
   9.5755414e-01
  -3.3751940e-01
   9.5908679e-01
   1.0117944e+00
   4.7533669e-02
  -4.6072562e-01
   4.3163330e-01
   1.1819773e+00
   8.9168749e-01
   7.6367915e-01
   1.2651265e-01
   1.3556757e+00
   4.2437441e-01
   1.2595072e+00
   3.0008164e-01
  -5.0638222e-01
   8.5712936e-01
  -4.6374049e-01
   6.3294638e-02
   3.1947885e-01
  -3.0394884e-01
   1.1150331e-01
   3.3956367e-01
  -1.5674354e-01
   4.4574693e-01
  -8.8058251e-03
   1.1503487e+00
   1.1080751e+00
  -2.3376805e-02
   5.6197660e-01
  -5.3262543e-02
   7.4546920e-01
  -3.4079782e-01
   4.1422797e-01
   8.6155064e-01
   1.1137743e-01
   4.5342210e-01
   5.8381888e-01
   1.8101617e-01
   4.4798197e-01
   8.1598395e-01
  -3.4384744e-01
   2.4108386e-01
   5.4326002e-01
   1.5999793e+00
   8.8045948e-01
  -2.2822409e-01
  -3.8744752e-01
   6.4792509e-01
   1.0093787e+00
   1.7800369e-01
  -5.5796555e-02
   1.2292622e+00
   5.5159294e-01
   1.8078837e-01
   4.8731147e-01
  -1.5064196e-01
   6.7234663e-01
  -1.8027216e-01
   6.1788612e-01
   1.7162757e+00
   3.2355906e-01
   3.7329618e-01
   4.6066032e-01
  -1.0194303e-01
   7.2710273e-01
   8.3483067e-01
   2.9876383e-01
   8.7951310e-01
   1.1409203e+00
   9.0179887e-01
  -1.0204131e-01
   8.6908354e-02
   1.4448214e-01
   7.1815160e-01
   1.0109630e+00
   3.1867141e-01
   3.5085100e-01
   8.6673151e-01
   6.7033406e-01
  -5.3153480e-02
  -5.2166419e-01
   3.2054757e-01
   7.9769987e-01
   6.8772613e-01
   1.1010671e+00
   7.7178758e-01
   6.4423035e-01
   1.6702151e-01
   4.2427915e-01
   1.7011895e-01
  -4.9043785e-01
  -4.1240637e-01
   3.7234968e-01
   8.6612028e-02
   1.2662464e+00
   1.3524514e+00
   3.9250517e-01
   1.3527202e+00
   6.8593500e-01
   3.6785519e-01
   1.7516133e+00
   8.6785306e-01
  -4.9978368e-02
  -1.4624468e-01
   1.1245878e+00
   5.9914274e-01
   1.4754991e-01
   6.9234465e-01
   1.2776963e-01
   4.5724495e-01
   1.1958643e-01
   7.9407928e-01
   2.5560679e-01
   1.0463977e-01
   5.9346234e-01
   1.1616182e+00
   3.7388007e-01
   6.9722382e-01
   1.1107105e+00
   1.8455306e-01
   4.1360750e-01
   7.9520013e-01
   7.4285375e-01
   3.2726417e-01
   6.9365551e-01
   5.0228506e-01
   6.9226014e-01
  -2.0606997e-01
  -9.8005265e-02
   5.2397852e-01
   7.1115405e-01
   1.0404356e+00
   4.6398280e-01
   1.2356231e-01
   2.2212129e-01
  -1.5248248e-01
   4.4397355e-01
   6.8351694e-01
   3.3647713e-01
   3.3177754e-01
   3.0567260e-01
   1.3404550e+00
   8.5362290e-01
   1.0152588e+00
   6.5252950e-01
  -6.0992113e-02
   4.3854876e-01
   1.5313815e-01
   9.3795559e-01
  -4.7117024e-02
   9.6250080e-01
   3.8521420e-01
   6.1262987e-01
   3.3204652e-01
   1.1091575e+00
   4.5193150e-01
   5.6028403e-01
   1.0024418e+00
   1.7131449e-01
   7.0258643e-01
   9.4513528e-01
   1.2245223e+00
   1.1914613e+00
   1.0880447e+00
  -3.6489925e-01
   5.5232456e-01
  -2.4381300e-01
  -3.7153350e-01
   2.4454058e-01
   4.6635328e-01
   4.6802931e-01
  -5.9817807e-01
   1.0530722e+00
   1.2630637e+00
   1.5641699e-01
   1.0804633e+00
   2.8746211e-01
   4.6966929e-01
  -4.4999050e-01
   1.1095188e+00
   9.5055589e-01
   9.1161855e-01
   1.4411052e+00
   6.1920310e-01
   2.8539129e-01
  -3.9878110e-01
   1.2336456e+00
   1.0151753e+00
   9.4641889e-01
   1.1977936e+00
   7.0824384e-01
   1.2725600e+00
   8.3246447e-01
   8.5314940e-01
   1.8796465e+00
   4.7415002e-01
   8.0166000e-02
   1.2776629e+00
   5.7462907e-01
  -3.4232555e-01
   2.1502443e-01
   7.4429629e-01
   4.8538349e-01
  -6.1912754e-01
  -5.5861891e-01
   5.7633305e-01
  -1.7679472e-01
   3.9677344e-01
  -1.0205958e-01
   2.8157300e-01
   5.2357452e-01
   1.7394819e+00
  -1.4434135e-01
   7.8293959e-01
   2.5543325e-01
   7.8598748e-01
   2.3335932e-01
   8.8236652e-01
