   1.3643973e+00
   5.9420261e-01
  -3.5190922e-01
   1.3735044e+00
   6.1960957e-02
   7.0338948e-02
  -6.0272856e-01
   8.9624682e-01
  -4.6492510e-01
   6.6844876e-01
  -1.4653589e+00
  -2.4430209e-01
  -5.2306700e-02
  -3.1972605e-01
   1.6091418e+00
  -1.1494586e-01
   2.4536471e-01
   2.3017035e-01
  -1.1719941e+00
  -1.3760453e+00
   1.0750060e+00
  -3.6613315e-01
  -1.6165227e+00
  -4.6446567e-01
   7.1272944e-01
   9.7791741e-01
   6.0065773e-01
   7.9743337e-01
   1.0701485e+00
  -1.1244956e+00
   1.1434429e+00
   1.1818611e+00
   5.1465455e-01
  -8.0154084e-01
  -7.8458694e-01
   1.3122132e+00
   1.3385481e+00
   1.9203210e+00
  -4.8975196e-01
  -6.8322928e-01
   3.3741299e-02
   1.3405654e-01
   1.6183328e+00
   3.4385235e-02
  -1.0607995e+00
   2.1689695e-01
  -8.2294142e-01
   3.0376198e-01
   9.1903909e-01
   1.2423182e+00
   3.5696810e-01
  -1.6619435e+00
  -1.4422619e-01
   1.9395897e+00
  -3.4691670e-01
   5.5733966e-01
   1.1434078e+00
  -1.7043103e-01
   4.9685818e-01
   8.5293138e-01
   1.6795023e+00
  -1.8590208e-01
   2.1767894e+00
   2.4469122e-01
  -1.4754849e-01
   3.1778578e-01
   1.3518003e+00
   1.9344996e-01
   5.9471112e-02
  -1.1147188e-01
   1.4793090e-02
   1.6970193e+00
   1.8947877e+00
   6.6536756e-01
  -9.9669564e-03
   1.8777166e+00
   1.7985176e+00
   3.6988296e-01
   1.2402486e+00
   1.8320174e+00
   2.2192931e-01
   1.7200710e-01
   4.8747276e-01
   1.4031787e+00
  -6.1246333e-01
  -3.3921080e-01
   5.3553439e-01
  -7.4652894e-01
   1.3845050e+00
   3.0383338e+00
   1.8167950e+00
   1.9422131e+00
   1.9669194e+00
  -6.0705181e-01
   3.9063862e-02
   4.7970408e-01
   4.5400182e-01
  -4.4486576e-02
   1.4170346e+00
   4.8058169e-01
   1.2746302e+00
  -9.4053272e-02
   2.3202763e+00
   1.0247186e+00
   1.1859378e+00
  -4.0130422e-01
   2.6360230e+00
   8.2012594e-01
  -1.0841186e+00
  -2.5142385e-03
   1.2379263e+00
  -2.5391951e-02
  -1.0321149e+00
   3.4621363e-01
  -1.4673206e-01
  -8.4144988e-01
   7.7153414e-01
   8.3954113e-01
   2.1745800e+00
   8.3563564e-01
  -5.0556056e-02
   2.1349318e-01
  -3.1479117e-01
   5.5350787e-01
   7.2158644e-02
   9.6385980e-01
   9.1658848e-01
   6.9163379e-01
  -7.8432806e-01
  -5.0670866e-01
   5.4178588e-01
  -2.5727602e-01
   2.7788715e+00
  -1.3004142e+00
   6.7629855e-01
   2.3620558e-01
  -3.3388822e-01
   7.2076687e-01
  -3.8222960e-01
   1.3565097e+00
  -4.2568957e-01
  -4.1407036e-01
  -8.2762851e-01
   2.1117274e+00
  -6.1827267e-02
   7.7604116e-01
   2.7234725e-01
   6.8418334e-01
   5.8282957e-01
   9.5203526e-01
   6.0141083e-01
   1.3423960e-01
   4.0896539e-01
   1.2394570e+00
   1.4403285e+00
   4.7103923e-01
  -4.2871045e-01
   1.2450384e+00
   2.9880981e+00
   1.1919249e+00
  -4.4171023e-01
   8.8499722e-01
   2.2111301e-01
  -4.8294368e-01
   2.1207513e+00
  -2.5518251e+00
   4.5154648e-01
   8.1820230e-01
  -1.3551409e-01
  -5.2873559e-01
   2.1413803e+00
   5.1949507e-01
  -1.5472686e+00
  -6.2930451e-01
  -1.8555860e+00
  -6.1248752e-02
   4.1202750e-01
   1.5737772e+00
   1.8809092e-01
  -9.7877377e-01
   4.5602128e-01
  -2.9986840e-01
  -3.6515792e-01
   3.8099302e-01
   2.8517047e-01
   5.0731479e-01
  -5.3947228e-01
   1.3328358e+00
  -2.4669523e-01
   8.4927552e-01
   9.8401319e-01
  -5.0785901e-01
   1.5034692e+00
  -2.1760889e+00
   5.1682239e-01
  -9.4324545e-01
   6.0650193e-01
  -2.3471445e-02
   1.4685812e+00
  -1.7576155e-01
  -5.8651160e-01
   1.2929173e+00
   2.1079665e+00
  -8.8619992e-01
   1.3586558e+00
   7.0757454e-01
   1.5488646e+00
  -2.8407109e-01
   1.7385357e-01
   8.4634683e-02
   1.5921475e-01
   1.0650162e+00
   9.4182907e-01
   3.9079265e-01
   9.3054871e-01
   1.1930406e+00
  -4.7589236e-02
   1.4447362e+00
  -2.9255659e-01
   7.8016781e-01
  -1.1429745e+00
   8.1474570e-01
   1.5302859e+00
   2.2517013e+00
   2.4839170e-01
   2.3192136e+00
   1.7343992e+00
  -1.8396117e+00
   4.6137520e-01
   5.0729306e-01
  -6.5028717e-02
   1.6082573e+00
   1.0204741e+00
   2.3289597e-03
   3.2210240e-01
   1.5910164e+00
   1.6597313e+00
   1.1750043e+00
   2.7917557e+00
  -8.9884532e-01
  -1.0328198e+00
   9.0301172e-01
   3.3491134e-02
   9.2827185e-01
  -8.9051467e-01
  -1.1386586e-01
  -4.9553061e-01
  -6.0604703e-01
   8.4515580e-01
   2.1384057e+00
  -5.0912432e-02
   2.1646066e+00
   4.5196262e-01
   1.1620080e+00
   2.0301163e-01
   2.1606891e+00
   5.5713146e-01
  -1.7274176e+00
   1.7451992e+00
  -6.5862762e-01
   1.3673970e+00
  -3.0131546e-01
   2.3639013e-01
   1.2510584e+00
   2.2952281e+00
   1.4843510e+00
   5.4666887e-01
   8.2344333e-01
   1.0224422e+00
  -2.8852726e-01
   1.2340705e+00
   5.8041575e-01
  -4.3988058e-02
   8.1625724e-01
  -9.0870980e-01
   6.8681377e-01
  -1.7624335e+00
   1.0003753e+00
   2.7517391e-01
  -9.5547427e-01
   4.8449664e-01
   6.2204187e-02
   1.4071496e+00
   1.7841334e+00
  -2.3009100e-01
  -9.7266850e-01
  -1.0943541e+00
   9.9758634e-01
   1.2410495e+00
   1.4496092e-01
  -3.1057435e-01
   7.3821206e-01
   2.0050732e+00
  -6.8956094e-01
   3.0517670e-01
   1.1247868e+00
  -7.7806692e-01
   6.0025935e-01
   1.5781832e-01
   4.9798530e-01
   1.5940169e-03
   1.5497551e+00
  -1.1705587e+00
  -1.5143703e+00
   1.4866159e+00
   4.3951744e-01
   1.6929408e+00
   3.1855803e+00
   1.3537336e+00
   1.5055485e+00
   4.9901828e-01
  -6.0458369e-02
   3.0860398e-01
   4.5108720e-01
   1.1004604e+00
  -1.4946416e+00
  -4.6513370e-01
  -4.4319902e-01
   2.9932942e-01
   1.0561667e+00
   2.5183805e+00
   2.3137364e+00
   3.8755215e-01
  -3.8997639e-01
  -2.2684272e-01
   1.2635022e+00
  -9.8514310e-02
   1.2237295e+00
  -3.6793783e-01
   1.3416729e+00
  -3.5093831e-01
   1.4334267e+00
   9.8595954e-01
   2.8379743e-01
   1.1850265e-01
  -9.2704075e-01
  -9.8766923e-01
  -2.0151026e+00
  -8.0621022e-01
   1.2304970e-01
  -6.0750411e-01
   8.1277794e-01
  -3.4523981e-01
   7.3759750e-01
  -4.1876688e-01
   2.9416912e+00
   5.8312068e-01
   7.6626268e-01
  -2.6272713e-01
  -1.9928049e+00
   3.3612799e-01
   1.2018790e+00
  -3.5506270e-01
   8.7383353e-01
  -4.1560839e-03
  -5.7458058e-01
  -1.3295197e-01
   2.3548590e+00
   9.6742306e-01
   1.8160682e+00
   2.2790377e+00
   1.1536213e-01
   1.3951288e+00
   9.7364204e-01
   4.7642864e-01
   2.1124492e+00
   1.3396725e+00
   7.4790598e-01
  -4.0453938e-02
  -1.3084343e+00
   2.3379657e-01
   1.2690240e+00
   5.7672368e-01
   5.7859476e-01
   1.5630961e+00
   8.4919677e-01
   1.2554299e+00
  -1.2400347e-01
   7.8626275e-02
   1.0960290e+00
  -8.8998730e-01
  -2.1346683e+00
  -3.0693431e-01
   5.9193002e-01
   2.8710139e+00
   4.9126449e-01
   2.6221552e+00
  -1.8423062e-01
   8.6967195e-02
  -3.5768315e-01
   1.4708985e+00
  -5.6420861e-01
   2.0007501e+00
   2.9292914e-02
   2.0495261e+00
   5.8995456e-01
  -1.3595414e+00
  -9.0860356e-01
   6.1543361e-01
   1.9339305e-02
   1.7367391e+00
  -1.5154348e+00
   1.0635200e+00
   4.5647978e-01
   9.6044812e-01
   7.8265386e-01
   1.5600321e+00
   1.0470561e+00
   7.2011653e-01
  -1.4097008e+00
   1.6171891e+00
  -1.1079313e+00
  -9.4370015e-01
   1.8544910e-01
   1.2664326e+00
   6.7486464e-01
   1.8168494e+00
   1.4585857e+00
   1.1476906e+00
   5.9248542e-01
   8.8726187e-02
   8.4662946e-01
   1.5102027e-01
   2.9959785e-01
   8.9326076e-01
  -1.3526474e+00
   1.4969194e+00
   1.8953225e-02
   2.0454414e-01
   1.9095659e-01
   1.1699308e-01
   1.5238367e+00
   1.8604797e+00
  -2.0583228e-01
  -1.0936779e-01
   3.8799057e-01
   1.4058505e+00
  -9.2901076e-02
   2.6441647e+00
   1.2485694e+00
  -1.1540918e+00
  -4.7791081e-01
   1.5263238e-01
   3.9226619e-01
   9.7374156e-02
  -5.6561703e-01
   1.3785230e+00
   9.6055100e-01
  -5.7862194e-01
   1.1447407e+00
   1.1053986e+00
   5.5507307e-01
   4.9449454e-01
   4.0051547e-01
   2.7442216e-01
  -5.2600459e-01
  -2.3235232e-01
  -9.0545278e-01
  -6.1947625e-01
   6.8615660e-01
   1.8543641e-01
   4.1123263e-01
   3.3908098e-01
  -1.4362777e+00
   3.2517553e+00
   1.7924042e+00
   2.6610495e-01
   3.0686032e-01
   3.9598115e-01
  -3.1492606e-01
   3.9142424e-01
  -1.0691432e+00
   7.1211422e-01
   2.1787750e+00
   8.7900965e-01
  -1.6841872e-01
   2.2279738e+00
   2.1933877e+00
  -2.8704481e-01
  -1.3744705e+00
   5.2385265e-01
   2.0184543e+00
   1.0344768e+00
  -8.5546650e-01
   7.8092340e-01
   6.8209965e-01
   2.4343314e-01
   1.3584110e+00
   5.5706994e-01
  -9.6249781e-01
  -1.8261655e+00
   3.0626450e+00
  -1.3932088e-01
   1.2060096e+00
   1.1273739e+00
  -9.6527147e-01
   1.0489540e+00
   2.3946198e+00
   1.4019385e+00
  -1.8484246e-01
   8.9934508e-02
  -1.3343444e+00
   1.4282404e-01
   4.1845472e-01
  -5.7160487e-02
  -1.2782992e+00
   5.3867417e-01
   2.1034018e+00
   9.2830787e-01
   1.7832127e-01
   6.5866653e-01
  -1.3312251e+00
   1.5831377e+00
   5.7682067e-02
   7.1300232e-01
   7.0931992e-02
   1.6126924e+00
   1.5540378e+00
   6.9218261e-01
   3.2435298e-01
   1.0614207e+00
   1.7510209e+00
   8.0623124e-02
  -9.6490638e-01
  -4.5330841e-01
   1.8842585e+00
  -4.6655343e-01
   4.9792870e-01
   1.0086268e+00
   8.4634192e-01
  -8.9694096e-01
   1.0201301e+00
   1.5016988e-01
   1.0302925e+00
   2.4363146e-01
  -1.1172863e+00
   2.0568593e+00
   1.3210680e+00
   7.0609454e-01
  -1.1973528e+00
   3.3166345e-01
   1.3281944e+00
   5.4764293e-01
  -3.1592423e-01
   1.4272942e+00
   1.5721501e+00
   1.2750394e+00
  -5.1841811e-01
  -1.0756522e+00
   2.4437659e+00
   1.9793447e+00
   2.0811048e+00
  -1.4692298e-02
  -4.0710840e-01
   2.7588025e+00
   5.4077314e-01
   7.4286559e-01
   1.5339397e-01
   1.5473126e+00
   2.3289859e-01
  -3.2177777e-01
   5.3563964e-01
   1.9830869e+00
   8.6127185e-01
   1.1237594e+00
  -4.1024900e-01
  -2.0568319e+00
   2.1650566e+00
  -4.5958120e-01
  -1.6869769e-02
   4.9536870e-01
   6.4553445e-02
   1.3817544e+00
   9.9746669e-01
  -3.5394680e-01
   1.0416704e+00
   1.0514137e+00
   3.6218400e-01
  -1.4385034e-01
  -8.0045563e-01
  -7.5451850e-01
   2.3401940e+00
  -1.5885208e-01
   2.2450292e-01
   1.9828242e+00
   4.9165169e-01
   5.9024212e-01
  -1.3719951e+00
  -1.6964848e+00
  -5.4258478e-01
   1.0451354e+00
  -6.6446486e-01
   1.2967868e+00
   2.4970482e-01
  -6.1221321e-01
   2.2683867e-01
  -5.1345130e-01
   1.3721650e+00
  -5.5558129e-01
   1.3480147e+00
   8.0129919e-01
  -1.8228676e-01
  -7.9018895e-03
  -5.2946555e-01
   2.1416427e-01
  -1.1762085e+00
   2.5108894e-03
   1.1310244e-01
   5.4345866e-01
  -1.5516900e-01
   3.5331796e-01
   5.8572432e-01
  -4.6162798e-01
   9.5963407e-01
  -1.6322980e-02
  -2.3528985e-01
   1.9707837e+00
   1.4972733e+00
   1.8069827e+00
   6.0125384e-01
   2.0775743e+00
   3.4662028e+00
   2.0631896e-01
   1.8439050e+00
  -2.4979166e-01
  -1.9879287e-01
  -8.0211749e-01
   3.2824050e-01
   1.2112806e+00
   3.3816321e-01
   7.0377909e-01
   8.1422525e-01
   7.1617687e-01
   7.4963139e-01
  -1.1109414e+00
   4.8843563e-02
  -1.1000012e+00
   3.5418732e-01
   1.6920382e+00
   7.8568876e-01
   1.4511345e+00
  -4.6538031e-01
  -6.0942448e-01
  -1.1681585e-01
  -6.6041793e-01
   7.7182761e-01
  -1.4649924e+00
   3.0028998e-01
   2.2922346e+00
   4.2059872e-01
   1.2647287e+00
   1.1603987e+00
  -1.1885749e+00
   7.0025709e-02
   5.7284133e-01
   1.9797868e+00
   3.2157251e-01
  -7.0658311e-01
   8.9198703e-01
   4.5345079e-01
   1.4525276e+00
   9.9265591e-01
   8.0788985e-01
  -1.1679874e+00
   1.4785414e+00
  -3.5714747e-01
   5.7715555e-02
   1.0037747e+00
   3.1144708e-01
  -2.1717067e-02
   7.1189226e-01
  -1.8639197e-01
  -3.8426835e-01
   4.4043057e-01
  -1.9758348e+00
   1.0658737e+00
  -4.2542858e-01
  -4.4100667e-01
   3.0958030e-01
   6.2808977e-01
   4.3211822e-01
   1.9712620e+00
   1.5676821e+00
   7.2987487e-01
   4.9400748e-01
  -6.6819504e-01
  -4.0177943e-01
   8.2320794e-01
   4.8767340e-01
   1.0541378e+00
   5.6269475e-01
  -1.4299662e-01
   1.6869616e-01
   2.3282494e-01
   2.5223941e-01
   1.2774001e+00
   8.4390689e-01
   1.3637598e+00
   1.3585337e+00
   1.1873069e+00
  -7.9931124e-01
   1.1038245e+00
  -1.1235270e+00
  -1.2049117e-01
   1.1436011e+00
  -6.4566613e-01
   1.3441907e+00
   4.5709354e-01
  -4.3348433e-03
   5.6728044e-02
   2.5830524e+00
   2.3588748e+00
   1.4265940e+00
   7.9541538e-01
   2.3367079e-01
   1.2423876e+00
   4.1906603e-01
   1.4356116e+00
  -3.3520366e-01
  -2.4518924e-01
   1.8616852e+00
   1.9384964e-01
   1.3784376e+00
  -6.0064554e-01
   1.0884076e-02
  -8.5023980e-01
   1.2877795e+00
   1.3234090e+00
  -1.7931853e-01
   1.0971768e+00
  -6.7116578e-01
   2.5370042e+00
   5.9301759e-02
   2.2155960e-01
   7.7072803e-01
   9.0099391e-01
   5.7389373e-01
  -5.4099133e-01
  -9.5353503e-01
   7.3483824e-01
   1.5496767e+00
   8.4140128e-01
  -4.9267900e-01
  -1.1174166e+00
   5.5655984e-02
  -5.5573393e-01
  -9.9897092e-01
   6.7849913e-01
  -4.5728645e-01
   1.8144003e+00
   5.3050089e-01
   5.7207380e-01
   1.0550227e+00
  -2.2981879e-01
   1.5963715e+00
   1.8357930e+00
   9.1143940e-01
   2.1328914e+00
   7.4340051e-01
   4.9689226e-01
  -2.3883275e-01
  -1.2678987e+00
   2.2942241e+00
   1.7815443e+00
   6.2837086e-01
   2.8510474e-01
   1.2964129e-01
  -6.5859024e-01
  -9.7832862e-01
  -9.7563510e-01
   1.1512512e+00
   4.0765245e-01
   1.3274766e-01
   1.3171498e+00
   1.7356045e+00
   8.3626374e-01
   7.3139822e-01
   5.4628764e-01
   1.8640891e-01
  -5.7331983e-01
   4.3668546e-01
   1.4151083e+00
  -1.1750388e+00
   1.4181736e+00
   1.5235888e+00
  -4.0493266e-01
  -1.4214512e+00
   3.6326660e-01
   1.8639546e+00
   1.2833750e+00
   1.0273583e+00
  -2.4697470e-01
   2.2113514e+00
   3.4874883e-01
   2.0190145e+00
   1.0016328e-01
  -1.5127644e+00
   1.2142587e+00
  -1.4274810e+00
  -3.7341072e-01
   1.3895771e-01
  -1.1078977e+00
  -2.7699339e-01
   1.7912733e-01
  -8.1348709e-01
   3.9149387e-01
  -5.1761165e-01
   1.8006975e+00
   1.7161502e+00
  -5.4675361e-01
   6.2395319e-01
  -6.0652509e-01
   9.9093839e-01
  -1.1815956e+00
   3.2845595e-01
   1.2231013e+00
  -2.7724513e-01
   4.0684420e-01
   6.6763777e-01
  -1.3796766e-01
   3.9596394e-01
   1.1319679e+00
  -1.1876949e+00
  -1.7832273e-02
   5.8652004e-01
   2.6999586e+00
   1.2609190e+00
  -9.5644817e-01
  -1.2748950e+00
   7.9585017e-01
   1.5187573e+00
  -1.4399262e-01
  -6.1159311e-01
   1.9585243e+00
   6.0318587e-01
  -1.3842326e-01
   4.7462294e-01
  -8.0128392e-01
   8.4469325e-01
  -8.6054431e-01
   7.3577223e-01
   2.9325515e+00
   1.4711812e-01
   2.4659236e-01
   4.2132064e-01
  -7.0388607e-01
   9.5420545e-01
   1.1696613e+00
   9.7527651e-02
   1.2590262e+00
   1.7818405e+00
   1.3035977e+00
  -7.0408262e-01
  -3.2618329e-01
  -2.1103572e-01
   9.3630321e-01
   1.5219261e+00
   1.3734281e-01
   2.0170200e-01
   1.2334630e+00
   8.4066812e-01
  -6.0630696e-01
  -1.5433284e+00
   1.4109514e-01
   1.0953997e+00
   8.7545226e-01
   1.7021342e+00
   1.0435752e+00
   7.8846070e-01
  -1.6595698e-01
   3.4855830e-01
  -1.5976210e-01
  -1.4808757e+00
  -1.3248127e+00
   2.4469937e-01
  -3.2677594e-01
   2.0324928e+00
   2.2049029e+00
   2.8501033e-01
   2.2054403e+00
   8.7187000e-01
   2.3571038e-01
   3.0032265e+00
   1.2357061e+00
  -5.9995674e-01
  -7.9248936e-01
   1.7491756e+00
   6.9828548e-01
  -2.0490017e-01
   8.8468931e-01
  -2.4446074e-01
   4.1448989e-01
  -2.6082714e-01
   1.0881586e+00
   1.1213586e-02
  -2.9072046e-01
   6.8692469e-01
   1.8232363e+00
   2.4776015e-01
   8.9444764e-01
   1.7214211e+00
  -1.3089387e-01
   3.2721500e-01
   1.0904003e+00
   9.8570750e-01
   1.5452833e-01
   8.8731102e-01
   5.0457012e-01
   8.8452027e-01
  -9.1213995e-01
  -6.9601053e-01
   5.4795704e-01
   9.2230809e-01
   1.5808711e+00
   4.2796560e-01
  -2.5287538e-01
  -5.5757415e-02
  -8.0496496e-01
   3.8794710e-01
   8.6703389e-01
   1.7295425e-01
   1.6355509e-01
   1.1134520e-01
   2.1809101e+00
   1.2072458e+00
   1.5305175e+00
   8.0505901e-01
  -6.2198423e-01
   3.7709753e-01
  -1.9372370e-01
   1.3759112e+00
  -5.9423405e-01
   1.4250016e+00
   2.7042840e-01
   7.2525975e-01
   1.6409305e-01
   1.7183150e+00
   4.0386301e-01
   6.2056806e-01
   1.5048836e+00
  -1.5737102e-01
   9.0517285e-01
   1.3902706e+00
   1.9490445e+00
   1.8829226e+00
   1.6760894e+00
  -1.2297985e+00
   6.0464912e-01
  -9.8762600e-01
  -1.2430670e+00
  -1.0918838e-02
   4.3270655e-01
   4.3605863e-01
  -1.6963561e+00
   1.6061445e+00
   2.0261274e+00
  -1.8716603e-01
   1.6609266e+00
   7.4924225e-02
   4.3933858e-01
  -1.3999810e+00
   1.7190375e+00
   1.4011118e+00
   1.3232371e+00
   2.3822103e+00
   7.3840620e-01
   7.0782586e-02
  -1.2975622e+00
   1.9672912e+00
   1.5303505e+00
   1.3928378e+00
   1.8955871e+00
   9.1648769e-01
   2.0451200e+00
   1.1649289e+00
   1.2062988e+00
   3.2592930e+00
   4.4830004e-01
  -3.3966800e-01
   2.0553258e+00
   6.4925813e-01
  -1.1846511e+00
  -6.9951135e-02
   9.8859259e-01
   4.7076697e-01
  -1.7382551e+00
  -1.6172378e+00
   6.5266609e-01
  -8.5358945e-01
   2.9354689e-01
  -7.0411915e-01
   6.3146007e-02
   5.4714905e-01
   2.9789638e+00
  -7.8868270e-01
   1.0658792e+00
   1.0866491e-02
   1.0719750e+00
  -3.3281366e-02
   1.2647330e+00
